Qwerty : 14 : 2022-12-08 10:52:31.440438 
Zxcvb : 14 : 2022-12-08 10:53:41.201507 
Asdf : 7 : 2022-12-08 10:56:21.705522 
Sfdgdfr : 7 : 2022-12-08 10:56:58.064121 
Qazwsx : 13 : 2022-12-08 10:57:31.978947 
Vgty : 14 : 2022-12-08 11:40:58.515192 
